1453.75208474
1559.46244997
1304.47914968
1496.16620697
1523.76084032
1324.20836374
1466.37143642
1533.11043682
1518.40318898
1343.63374739
1481.78800841
1455.85744121
1435.89705519
1446.97685807
1335.81218455
1339.66129154
1476.19400235
1407.67470555
1529.84069739
1443.0115269
1574.35320429
1294.6025752
1370.81424474
1354.84306278
1381.0411437
1258.50586019
1377.93180545
1191.00609174
1293.84590974
1565.04955915
1487.26423904
1439.94820267
1460.65025103
1495.78182521
1355.85159614
1394.39460953
1410.15515988
1421.90997363
1337.86903626
1242.06097812
1596.26927507
1244.11092897
1481.09693365
1242.10727028
1441.74440178
1445.31792098
1463.97039746
1369.57528
1338.2327625
1303.5108784
