1574.96381041
1669.12363154
1594.00861022
1641.69028966
1677.38205195
1643.59721442
1597.27830575
1654.99654011
1628.75506754
1646.94062489
1639.52922245
1674.1927244
1654.32325521
1665.05595946
1694.6910945
1651.55129588
1655.89606155
1662.43110915
1661.47696322
1687.39811501
1636.50719932
1541.35066246
1650.97234919
1835.62926623
1681.53708239
1566.31072796
1643.30258386
1607.36621429
1650.02222215
1656.33037775
1607.22907143
1720.12985918
1651.29739538
1637.44696466
1671.37994296
1683.22858839
1621.0552706
1634.82067369
1673.90970348
1644.68457484
1604.97721518
1583.91722263
1682.11328492
1659.45675941
1674.51694227
1678.66322344
1646.55833128
1654.75571633
1575.62209262
1664.63752164
