1695.78343363
1466.7680767
1522.68085913
1667.95774953
1610.36063937
1568.40795659
1614.10220946
1565.62481081
1641.96436226
1601.56894634
1581.7103146
1646.57636995
1656.65813241
1619.28811711
1450.96583182
1515.18976472
1656.43673571
1674.79331184
1516.46275245
1483.10064868
1478.6871183
1530.04039019
1647.97472411
1651.33360097
1635.00539594
1579.4479265
1602.43656622
1555.94525289
1522.62635816
1412.49015037
1598.04951179
1470.12012764
1527.8730565
1424.34787233
1605.67312962
1620.78763826
1580.54805014
1578.91415397
1694.47824843
1604.06064134
1649.23747569
1634.47972045
1574.34865362
1561.81628657
1577.75964065
1649.25843868
1592.09642971
1636.3327564
1632.86700343
1678.6017254
