1134.60255805
1214.44450998
1337.8903489
1262.4902428
1234.28961952
1228.12965241
1144.33068971
1156.80733992
1031.48491849
1277.24909317
1253.58788308
1165.20897169
1314.3767782
1115.97611159
1270.74827269
1292.59758326
1167.80134522
1144.64074927
1188.26435725
1263.77959246
1291.88551119
1201.66388877
1388.18373353
1097.86772675
1316.08984275
1248.45743727
1278.32030944
1129.13640737
1157.25109608
1335.60035695
1229.31175561
1310.05873613
1306.60641913
1233.51600625
1117.63619602
1237.11290565
1066.67119202
1137.25422958
1271.16542923
1207.21676447
1251.62391886
1191.22288059
1287.86017687
1289.19909536
1280.63961949
1165.95208356
1179.30362422
1337.30335842
1144.89117034
1280.88423045
