1691.62647696
1638.97885226
1557.13192811
1654.49038509
1357.56676023
1606.15256669
1480.69956792
1633.40419652
1610.85412332
1549.11591996
1594.06778385
1612.67009074
1715.23087783
1599.58971012
1571.99775068
1638.76247606
1690.32594969
1609.74721267
1663.5227164
1604.34885357
1636.80838144
1574.2121913
1518.99053275
1413.58584866
1438.36894257
1556.50420425
1599.25045143
1464.90715
1534.03585317
1659.29040523
1645.19448104
1562.06499205
1540.67121491
1609.76960027
1496.068523
1621.03879372
1573.49810598
1324.33177349
1603.86870815
1514.6910228
1563.94107032
1626.3218423
1267.71358353
1479.23055864
1557.90081809
1505.6288286
1598.33098815
1538.56327565
1490.66567475
1671.18671884
